1	865165021316323
2	867463023276019
12	864573012675741
17	357747051591159
32	861007020291376
36	867822022093503
43	352700060421020
46	358532060520418
54	351694060419939
57	99000475348266
59	359596063249324
79	35724605589204
81	867676020450077
84	352494060700720
153	867064018599702
158	004999010640000
169	99000479647891
197	351694060468423
267	865863021822858
269	867831029477528
275	353347060933411
283	866462028221534
292	352514065765004
297	867981022339942
300	352248067515410
301	864103024175736
304	867323029057278
338	358182062585173
339	867001022931539
356	123456789012345
356	865175024079653
374	866001022691613
378	354834060526591
379	359250050478765
383	358239053830685
398	357872063856885
411	867686021510738
423	865165021292086
510	359644061689750
526	353232072944533
556	99000479578054
569	863784020485616
570	4e3e035a-7688-4523-8d3d-dba85ebf558e
571	99000459742898
572	860843021769544
573	8e5f8abe-76c7-45ab-9a0f-f4a75a0aa71b
574	cdcc37b5-4a8d-45e6-bf9b-3a5be8c505e0
575	867323020346365
578	869158022869198
579	868720020868166
580	866693026609334
581	867468020269156
583	863784020489204
584	867628024581142
585	353765073026123
586	899ab70b-e602-43a6-931a-ef30ec54c880
587	352575074156907
588	867324020825135
589	354782064441202
590	355136053201565
591	865002020218160
592	957426a1-7748-45b2-90c4-d4cafe67becc
593	867992022149108
594	354210071236241
595	867323022232001
596	865473020351758
597	864895027691094
598	352203061239350
599	860486022348817
600	868800020240184
601	865291027261824
602	77a2b0f6-3e01-44ea-aeb2-2ecd3879fc12
603	352562079197037
604	864103024002492
605	868048028886810
606	865931023171895
607	860482037404968
608	af68ef7b-13a1-4f54-a55e-7e5d3dbe779d
609	864691027118778
610	863984021418315
611	35724605589836
612	a8865999-d46c-4c5d-b04b-798ccc42b747
613	359320050890051
614	4bf661e7-b586-4f36-aecc-00c9fb74e1af
615	5e99a24e-8328-43a1-bc25-d1a686808936
616	82999126-6c4f-49de-9588-fe24e4a2a575
617	868048028673655
618	867110029938114
619	355456061854613
620	352105068390427
621	866102025150308
622	860793036425758
623	866946024769751
624	869515027398129
625	359034050551445
626	860928032076011
627	865372023255448
628	352621063068636
629	866696022134215
630	867050022901604
631	860570024931892
632	355533054577243
633	359596063739829
634	351759060339997
635	efa4cb8e-606c-459d-92c8-51186eda86c1
635	f11594cb-4518-4eb1-9ead-f455a0621bd9
636	814746cb-7142-4f68-b18f-fc1c4147f7a6
636	97994548-6910-4942-b6de-3d11916ec50b
637	867376020337198
638	867451026474657
639	861007020387646
640	dc1a8f96-c6a5-4844-b478-0d2b041c7c70
641	fa5dde74-40c3-4c3b-a55e-b459197395be
642	355456060780397
643	352736064395794
644	867905028755249
645	866002020288881
646	356205050322358
647	869634023225606
648	352575074063657
649	863360027542707
650	578251836108635
651	352625065872903
652	353627052841064
653	864103024584069
654	358108065990243
655	866947023422905
656	867676020848254
657	351582061028942
658	352625065818047
660	865931028795177
661	867376022446575
662	487d1486-25e8-4936-9249-adffde640cd8
663	864895021924798
664	862845026611868
665	865473020341148
666	866102021502692
667	353347060449228
668	353043053948645
669	353448050668270
670	a7c2c1a7-169e-476f-a0c1-6c57f25cfbed
671	864375025234320
672	357748056500732
673	359250050553013
674	865624025809311
675	356199060467081
676	864538021491497
677	860311026187328
678	865587026059048
679	864476021727646
680	863360020474734
681	359535050951401
683	867464023005515
684	866978028458693
685	867246029725489
686	868062020124401
687	867628022574289
688	867600023809303
689	867600026044056
690	864855020499622
691	865424022691329
692	863914020501605
693	862845025091609
694	359345061579195
695	edd76e84-41ef-4156-a0a1-78ad4271ef9e
696	866693026614631
697	352575071204288
698	d738a94b-4fb6-4588-86ca-27f56d530537
699	352625065811935
700	99000558496852
701	354332072945529
702	865585022452324
703	51ef5589-d452-466e-8715-7bd053dbbfdf
704	867628024592743
705	867886025614821
706	354783060977827
707	866693026601489
708	864326023772738
708	f0eb4ccd-f90b-4254-9f1d-049cc1223421
709	359786058440984
710	866568024350679
711	860482033661793
712	352625065873539
713	863920027041511
714	867514029284181
715	869322022658783
716	865854024895058
717	868551029792150
718	864387025433000
719	864690021299469
720	865291026347459
721	357071052608676
722	d2bf71ed-1452-4d99-a262-6f8c55fe4984
723	867496011107887
724	358851059455802
725	865854013365493
726	867840021269494
727	864446029302049
728	867993025531011
729	864502022358980
730	867464022725345
731	353401064114385
732	867600023849770
733	865411028559774
734	99000661335141
735	865002025225871
736	864691026740101
737	357747050864078
738	d5f50c5a-9c9c-4d35-a962-f81914780e80
739	865166027100505
740	359441051396102
741	da4b0559-138c-41b4-be2e-8293403d6e36
742	358108066249193
743	358108064993305
744	864504022072017
745	863738026912619
746	866693026617683
747	35c84bd7-9b90-4ee9-90d0-c6973d2ff551
748	355136053720390
749	865931022833701
750	37734dd5-36e2-4cd1-8e37-7a7c423692a7
751	352510060204973
752	866798021880531
753	865931023171101
754	359654060972834
755	867451023330498
756	867831028625341
757	869322021140361
758	357523058226036
759	358108062137459
760	357070059025272
761	358584057037047
762	866696022441412
763	863213023935799
764	358858058277269
765	357128052715347
766	866694024073705
767	867905022611307
768	fc5a253c-6da1-4d5c-af8f-f5ea35fa7ab8
769	865931026171504
770	866696026085090
771	357513055109434
772	866089021612722
773	865567025361652
774	352638070010146
775	865931022838122
776	352766060571767
777	867026021105561
778	864601022900492
779	357523053116885
780	358724060015917
781	867247021018022
782	352993053922795
783	352105068348276
785	866696022436149
786	869906027479953
787	353918056772573
788	865479023872310
789	8aaca61f-7790-4661-91df-24b1ef277a52
790	356629062582909
791	358851052378340
792	352824067513736
793	866046027742713
794	358239054620788
795	354783060205070
796	353490069871263
797	864505020675883
798	866945022326630
799	f789d10f-a256-480f-89bf-266b342d0c55
