1
1
1
1
1
3
1
1
4
1
1
1
1
1
1
1
1
1
1
1
1
2
1
1
1
1
1
1
1
1
1
1
1
1
1
1
2
1
1
1
1
1
1
1
1
1
1
1
1
1
1
1
1
1
1
1
1
1
242
151
94
19
1136
5
99
469
1
1
1
645
7
172
2104
244
486
102
138
223
1
38
31
28
289
16
3
387
165
7
1
1
1
1
3
1
1
1
1
1
1
1
1
1
1
1
1
1
1
1
1
1
1
1
3
1
1
2
1
1
2
1
1
1
1
1
1
1
1
1
2
1
1
1
1
1
1
1
1
1
1
1
1
1
1
1
1
1
1
1
1
70
135
1
186
65
22
21
206
60
4
3
1
413
1
1
4762
5
26
1
5
1
95
2
35
3
1
14
81
1
47
1
82
12
1
48
1
1
1
804
92
322
1
45
10
76
14
70
117
1
34
9
113
1
13
216
7
26
1
101
34
5
53
78
1
5
14
13
126
40
2
12
17
33
96
1
27
1
5
152
540
80
1
84
10
2
1806
1
42
10
1
38
191
52
48
2
14
1
1
53
4
11
13
1656
41
90
63
85
36
39
48
297
324
14
115
46
24
1
28
101
26
7
522
728
207
92
802
52
131
24
16
1
62
1
35
6
837
43
102
294
6
15
16
36
71
1
20
621
113
1
10
4
2
65
1
32
2
280
13
1
6687
1
383
1
150
62
14
1
42
3
1
3
84
24
4
969
20
33
95
367
3
6
12
9
1
44
48
20
113
60
9
1
19
15
68
18
57
45
10
2
86
16
13
19
2
47
48
105
73
1
54
8
77
1
9
135
1
1
4
4
1
138
22
32
124
57
927
1
23
1
2
122
66
3
37
377
20
134
41
11
21
82
2
156
1
66
227
15
131
1051
270
30
56
1
157
40
7
3
18
48
48
16
11
76
7
17361
1
79
88
124
58
27
79
34
58
192
31
235
1
560
4
46
1662
9
24
60
1
9
31
223
281
55
351
1
1
10
212
177
19
109
71
24
1260
6
432
1087
21
1
172
44
14
63
67
87
18
77
112
32
21
56
5239
23
362
198
155
2
1
1
1
1
1
1
1
1
1
1
1
1
1
1
2
1
2
1
3
3
2
2
1
1
1
1
1
1
1
1
224
1
1
1
1
1
837
1
1
1
1
1
3
4
1
1
1
1
1
1
1
2
6
1
1
1
1
3
1
1
1
1
1
1
1
20
1
1
4
1
2
2
2
1
1
2
1
1
1
1
1
2
1
1
1
3
1
24
1
1
1
2
1
1
1
2
1
1
2
1
1
1
1
1
1
1
1
1
1
1
1
1
1
1
1
2
1
2
8
1
1
12
2
2
1
1
1
1
1
1
1
2
2
1
2
35
6
2
3
1
1
4
3
9
1
1
1
3
1
1
2
1
1
1
1
2
1
2
1
1
2
1
1
1
3
1
1
1
3
1
1
1
1
1
2
1
2
4
1
1
1
1
1
1
1
2
3
1
8
1
1
1
1
1
1
4
1
1
1
1
1
1
1
2
1
1
2
1
1
1
1
1
1
1
1
2
1
1
2
1
1
1
1
1
2
23
5
1
1
1
3
1
1
1
1
1
1
1
11
2
1
1
1
1
1
15
1
1
3
1
1
1
21
2
1
1
1
1
1
1
4
1
1
1
1
3
1
1
2
1
1
1
36
2
1
2
1
1
1
1
3
2
1
1
1
1
1
1
1
3
1
2
1
2
1
3
1
2
1
1
2
1
3
1
2
29
7
1
1
27
1
1
1
1
1
2
1
2
2
1
2
1
3
146
1
1
3
7
1
1
1
1
1
2
1
6
1
1
1
1
1
2
2
1
1
2
1
2
1
1
345
1
1
27
19
177
929
157
81
628
20
164
1
1
1
3
3
2
7
1
1
1
1
1
1
1
1
1
49
47
1
1
4
1
1
1
1
1
1
1
1
2
1
1
1
1
2
1
1
1
1
1
1
1
2
1
1
1
2
1
1
1
1
3
1
1
1
1
2
1
1
1
1
1
3
1
1
1
4
1
2
1
1
1
2
1
1
2
1
1
1
1
1
1
1
2
1
1
1
2
1
1
1
1
4
6
1
2
8
4
1
1
1
1
1
1
4
1
6
1
1
1
1
1
3
1
1
1
1
1
1
11
1
1
9
2
1
7
1
1
1
1
1
1
1
1
1
1
1
1
1
1
2
2
1
1
1
1
1
1
1
3
2
1
2
2
1
2
1
1
1
3
1
1
1
1
