1653,2015-09-01,1,244
1862,2015-09-02,2,245
1929,2015-09-02,2,245
1930,2015-09-02,2,245
1940,2015-09-02,2,245
1949,2015-09-02,2,245
2026,2015-09-02,2,245
2028,2015-09-02,2,245
2034,2015-09-02,2,245
2037,2015-09-02,2,245
2040,2015-09-02,2,245
2057,2015-09-02,2,245
2117,2015-09-02,2,245
2070,2015-09-10,3,253
2130,2015-09-10,3,253
2133,2015-09-10,3,253
2142,2015-09-10,3,253
2148,2015-09-10,3,253
2151,2015-09-10,3,253
2166,2015-09-10,3,253
2184,2015-09-10,3,253
2189,2015-09-10,3,253
2196,2015-09-10,3,253
2198,2015-09-10,3,253
2206,2015-09-10,3,253
2209,2015-09-10,3,253
2210,2015-09-10,3,253
2212,2015-09-10,3,253
1892,2015-09-11,4,254
1976,2015-09-11,4,254
1987,2015-09-11,4,254
2137,2015-09-11,4,254
2149,2015-09-11,4,254
2195,2015-09-11,4,254
2217,2015-09-16,2,259
2226,2015-09-16,2,259
2246,2015-09-16,2,259
2305,2015-09-16,2,259
2327,2015-09-16,2,259
2330,2015-09-16,2,259
2245,2015-09-17,3,260
2261,2015-09-17,3,260
2351,2015-09-17,3,260
2357,2015-09-17,3,260
2360,2015-09-17,3,260
2368,2015-09-17,3,260
2370,2015-09-17,3,260
2252,2015-09-18,4,261
2260,2015-09-18,4,261
2334,2015-09-18,4,261
2337,2015-09-18,4,261
2344,2015-09-18,4,261
2347,2015-09-18,4,261
2438,2015-09-24,3,267
2471,2015-09-24,3,267
2446,2015-09-27,6,270
2483,2015-09-27,6,270
2547,2015-09-27,6,270
2557,2015-09-27,6,270
2608,2015-09-27,6,270
2612,2015-09-27,6,270
2661,2015-09-29,1,272
2667,2015-09-29,1,272
2781,2015-09-29,1,272
2800,2015-09-29,1,272
2804,2015-09-29,1,272
2830,2015-09-29,1,272
2780,2015-09-30,2,273
2782,2015-09-30,2,273
2783,2015-09-30,2,273
2785,2015-09-30,2,273
2786,2015-09-30,2,273
2794,2015-09-30,2,273
2795,2015-09-30,2,273
2818,2015-09-30,2,273
2819,2015-09-30,2,273
2822,2015-09-30,2,273
2828,2015-09-30,2,273
2832,2015-09-30,2,273
2840,2015-09-30,2,273
2892,2015-10-23,4,296
2922,2015-10-23,4,296
2946,2015-10-23,4,296
2954,2015-10-23,4,296
2970,2015-10-23,4,296
2982,2015-10-23,4,296
3007,2015-10-23,4,296
3020,2015-10-23,4,296
3031,2015-10-23,4,296
3063,2015-10-23,4,296
3070,2015-10-23,4,296
3145,2015-10-23,4,296
3166,2015-10-23,4,296
3268,2015-10-23,4,296
3279,2015-10-23,4,296
3299,2015-10-23,4,296
3302,2015-10-23,4,296
3303,2015-10-23,4,296
3315,2015-10-23,4,296
2646,2015-10-24,5,297
2649,2015-10-24,5,297
2655,2015-10-24,5,297
2658,2015-10-24,5,297
2668,2015-10-24,5,297
2764,2015-10-24,5,297
2772,2015-10-24,5,297
2899,2015-10-24,5,297
2916,2015-10-24,5,297
2935,2015-10-24,5,297
2938,2015-10-24,5,297
2965,2015-10-24,5,297
2980,2015-10-24,5,297
3012,2015-10-24,5,297
3044,2015-10-24,5,297
3074,2015-10-24,5,297
3078,2015-10-24,5,297
3147,2015-10-24,5,297
3150,2015-10-24,5,297
3157,2015-10-24,5,297
3185,2015-10-24,5,297
3198,2015-10-24,5,297
3209,2015-10-24,5,297
3300,2015-10-24,5,297
3366,2015-10-30,4,303
3382,2015-10-30,4,303
3385,2015-10-30,4,303
3391,2015-10-30,4,303
3398,2015-10-30,4,303
3401,2015-10-30,4,303
3404,2015-10-30,4,303
3416,2015-10-30,4,303
3419,2015-10-30,4,303
3422,2015-10-30,4,303
3432,2015-10-30,4,303
3435,2015-10-30,4,303
3436,2015-10-31,5,304
3104,2015-11-05,3,309
3345,2015-11-05,3,309
3368,2015-11-05,3,309
3384,2015-11-05,3,309
3387,2015-11-05,3,309
3394,2015-11-05,3,309
3397,2015-11-05,3,309
3400,2015-11-05,3,309
3403,2015-11-05,3,309
3406,2015-11-05,3,309
3421,2015-11-05,3,309
3428,2015-11-05,3,309
3512,2015-11-05,3,309
3561,2015-11-05,3,309
3564,2015-11-05,3,309
3592,2015-11-05,3,309
3628,2015-11-05,3,309
3647,2015-11-05,3,309
3650,2015-11-05,3,309
3652,2015-11-05,3,309
3653,2015-11-05,3,309
3656,2015-11-05,3,309
3660,2015-11-05,3,309
3696,2015-11-05,3,309
2981,2015-11-06,4,310
3006,2015-11-06,4,310
3014,2015-11-06,4,310
3121,2015-11-06,4,310
3510,2015-11-06,4,310
3511,2015-11-06,4,310
3517,2015-11-06,4,310
3526,2015-11-06,4,310
3532,2015-11-06,4,310
3556,2015-11-06,4,310
3559,2015-11-06,4,310
3562,2015-11-06,4,310
3565,2015-11-06,4,310
3568,2015-11-06,4,310
3571,2015-11-06,4,310
3584,2015-11-06,4,310
3612,2015-11-06,4,310
3616,2015-11-06,4,310
3619,2015-11-06,4,310
3622,2015-11-06,4,310
3928,2015-11-11,2,315
3932,2015-11-11,2,315
3954,2015-11-11,2,315
3727,2015-11-12,3,316
3744,2015-11-12,3,316
3748,2015-11-12,3,316
3793,2015-11-12,3,316
3823,2015-11-12,3,316
3847,2015-11-12,3,316
3925,2015-11-12,3,316
3929,2015-11-12,3,316
3996,2015-11-12,3,316
3851,2015-11-17,1,321
3855,2015-11-17,1,321
3879,2015-11-17,1,321
3888,2015-11-17,1,321
3947,2015-11-17,1,321
3975,2015-11-17,1,321
4001,2015-11-17,1,321
4002,2015-11-17,1,321
4016,2015-11-17,1,321
4021,2015-11-17,1,321
4025,2015-11-17,1,321
4046,2015-11-17,1,321
4193,2015-11-17,1,321
4198,2015-11-17,1,321
4199,2015-11-17,1,321
4203,2015-11-17,1,321
4204,2015-11-17,1,321
4207,2015-11-17,1,321
4208,2015-11-17,1,321
4225,2015-11-17,1,321
4228,2015-11-17,1,321
4229,2015-11-17,1,321
4234,2015-11-17,1,321
4237,2015-11-17,1,321
4238,2015-11-17,1,321
4242,2015-11-17,1,321
4251,2015-11-17,1,321
4253,2015-11-17,1,321
4255,2015-11-17,1,321
4262,2015-11-17,1,321
4265,2015-11-17,1,321
4266,2015-11-17,1,321
4267,2015-11-17,1,321
4268,2015-11-17,1,321
4270,2015-11-17,1,321
4273,2015-11-17,1,321
4275,2015-11-17,1,321
4277,2015-11-17,1,321
4284,2015-11-17,1,321
4285,2015-11-17,1,321
4292,2015-11-17,1,321
4293,2015-11-17,1,321
4296,2015-11-17,1,321
4299,2015-11-17,1,321
4300,2015-11-17,1,321
4302,2015-11-17,1,321
4305,2015-11-17,1,321
4309,2015-11-17,1,321
4310,2015-11-17,1,321
4314,2015-11-17,1,321
4316,2015-11-17,1,321
4317,2015-11-17,1,321
4318,2015-11-17,1,321
4322,2015-11-17,1,321
4323,2015-11-17,1,321
4325,2015-11-17,1,321
4326,2015-11-17,1,321
4328,2015-11-17,1,321
4329,2015-11-17,1,321
4075,2015-11-18,2,322
4080,2015-11-18,2,322
4087,2015-11-18,2,322
4097,2015-11-18,2,322
4106,2015-11-18,2,322
4190,2015-11-18,2,322
3827,2015-11-19,3,323
4194,2015-11-19,3,323